-0.10536 +0.01173
+0.00951 +0.01300
+0.00878 +0.04158
+0.00831 +0.03428
-0.04356 +0.07207
-0.05178 +0.06173
-0.17874 -0.09487
-0.20802 -0.09450
-0.20157 -0.07307
-0.01795 +0.09175
-0.12289 -0.00107
-0.15670 -0.02664
+0.00938 +0.07585
-0.18990 -0.09799
-0.03000 +0.08614
-0.18389 -0.05140
+0.00717 +0.09775
-0.02383 +0.08972
-0.20863 -0.08917
+0.00796 +0.01695
+0.00831 +0.09226
+0.00327 +0.10093
-0.00322 +0.09707
-0.13223 -0.07385
+0.00917 +0.04942
-0.14031 -0.01387
-0.14967 -0.08261
-0.16526 -0.08969
+0.00037 +0.09940
-0.01246 +0.09319
+0.00551 +0.10060
-0.03648 +0.08031
+0.00901 +0.08467
-0.19859 -0.09898
-0.19401 -0.06279
-0.08880 +0.02455
+0.00942 +0.05779
-0.07384 -0.04137
-0.20466 -0.09781
-0.05510 -0.03045
-0.20646 -0.08196
-0.06180 +0.04994
-0.11335 -0.06373
-0.17137 -0.03924
-0.09360 -0.05270
+0.07225 +0.08421
+0.15048 -0.16973
+0.06616 +0.17844
+0.14202 -0.14980
+0.06909 +0.16727
+0.09519 -0.02631
+0.05316 +0.15867
+0.03555 +0.11658
+0.09040 -0.00428
+0.14274 -0.19057
+0.10546 -0.14030
+0.15982 -0.20309
+0.02481 +0.08455
+0.11907 -0.15957
+0.15964 -0.19687
+0.15126 -0.19984
+0.05954 -0.07162
+0.04318 -0.04770
+0.06274 +0.17594
+0.13181 -0.17681
+0.04800 +0.14717
+0.08669 +0.01572
+0.12088 -0.10155
+0.02871 +0.09679
+0.01542 +0.05661
+0.03532 -0.03700
+0.07951 +0.05091
+0.06888 -0.08583
+0.07568 +0.06741
+0.06826 +0.17555
+0.02039 +0.07079
+0.05825 +0.16886
+0.02767 -0.02708
+0.06861 +0.13805
+0.03220 +0.10727
+0.06868 +0.12005
+0.13179 -0.12669
+0.11054 -0.07568
+0.05116 -0.05911
+0.08322 +0.03393
+0.15701 -0.20409
+0.03912 +0.12582
+0.15648 -0.18563
+0.09203 -0.12068
+0.06900 +0.15433
