50 2
15.1803163383023 15.0794126687728
16.0979515628211 18.2281075689108
12.5215670116291 11.4120450435645
13.3765071111194 10.3124652517422
12.8100442618448 16.3681375581709
13.4973702375413 15.0002873980398
12.4991583969295 13.6946463811763
12.7421110038304 14.8360922221135
11.1810751242802 12.6668079151863
12.497562408875 11.0468757032727
18.2280556562732 17.6974761380992
16.5907914254358 18.395198942765
14.5175258273794 19.360783719502
12.1164989346289 12.3690905304842
13.3394055315834 17.9644737603354
13.0413750149888 10.5559953948823
15.7327955686621 12.7026362178624
12.5145673247545 18.6828273972867
14.0376779524104 18.6895495579838
13.804462230572 17.4335877257957
18.6324445314242 11.59964127948
16.8908691884152 10.8042083570716
13.0952290006165 12.878213271952
18.8928910213759 15.0596047254401
14.2906941397502 13.5564945554811
15.5422304294158 13.6152314553733
13.0515403475293 19.5036585048652
15.3489666123688 14.7141269325071
14.2306115354138 18.464199307179
11.7325465183432 15.1416520269013
14.2956650616564 15.7825704727748
17.2276665971464 14.0433311132623
12.1552090916638 16.8973518343514
12.433344240955 14.6891181754222
17.8382856482652 11.5915341152502
10.1887409810161 14.6817531400322
12.440694223532 14.1165684848205
16.9176315382728 11.3847387230038
14.9182925427151 12.4342750761138
18.0269494504051 18.4948591052042
11.8192189345558 12.4676265473496
15.7715436724725 11.4984618107311
16.6406983829097 16.8379824056163
18.6886480324003 12.8993516785361
18.5787806114356 12.3604191667928
13.6720178065035 19.3881578737412
16.4618118137499 10.5918307250729
13.1189870737993 13.1506266878657
18.4144481734118 12.8857419960096
17.5803220127303 13.5564558630038
