60 2
8.32927836239515 11.3147419684489
5.40077159730158 11.4411999984233
5.87842450545921 12.14888963681
6.85353473260931 6.64944527097687
8.36726496382988 11.3218588636312
9.86186418050857 9.81009231250181
11.2798674243813 8.40947237085374
6.37739527362115 6.4648379215428
4.06565971308628 8.78428672970081
7.53576393013073 6.34259151016038
10.8960383394999 11.4924327605208
12.1417094140707 8.77225599342194
11.4372885643686 7.50757819448839
11.8163796005863 6.5830772916697
6.38299681841918 11.9134554627716
9.45082039026229 9.69240623062168
4.72681170316908 4.57843829234586
5.76389222866673 12.3500659000831
6.25524676678797 4.69508395491985
11.8104811840016 4.77383102174056
11.2354113419751 6.10535849506296
5.36071805423295 7.29301092550926
11.9983123076691 5.97907478309243
10.6949001782933 5.27027243008791
11.6544223028519 10.2494900838561
11.6640146249559 4.85300774966253
5.86909596307857 9.34545960604437
7.07978158503536 10.6061111860983
7.20084412623241 4.46910003106319
11.6175061571793 5.05378969091008
9.68350371676155 11.7046163300021
11.1858944790602 11.5874403495199
8.61779299147862 8.67903458632929
8.85374548992314 5.78207821647605
8.88075382825328 7.10825802584541
9.22377748062872 7.77509388454857
8.42359317848204 11.407305998692
9.58828570635352 6.95924619824588
10.2507700427838 11.9954680511223
5.77017321043369 7.16891418530588
8.75480277299237 4.97506748882514
6.43693188590049 6.34853999261154
6.83590218476657 10.8504977824718
3.31812208445602 8.39902199043786
6.37203634413207 5.67099058735371
10.4946083609495 4.28378433773906
11.5226529017064 10.764365821021
6.26591944714304 9.62457402168818
10.5602133786337 12.2799305806081
6.28945289638336 4.87387594194179
8.78557518193347 3.89235770773524
10.9264440894266 4.57736227747075
8.78177050483658 7.81007441654609
11.1871877582659 8.47867140977573
5.93373827017219 9.54398130236963
5.90021101172814 10.6761391135934
6.63533938143954 11.2154696059821
10.4809845774345 5.46913139405954
6.72965989943082 12.7716458941042
7.23960438691716 3.72192305855124
