50 2
15.3292783623952 18.3147419684489
12.4007715973016 18.4411999984233
12.8784245054592 19.14888963681
13.8535347326093 13.6494452709769
15.3672649638299 18.3218588636312
16.8618641805086 16.8100923125018
18.2798674243813 15.4094723708537
13.3773952736212 13.4648379215428
11.0656597130863 15.7842867297008
14.5357639301307 13.3425915101604
17.8960383394999 18.4924327605208
19.1417094140707 15.7722559934219
18.4372885643686 14.5075781944884
18.8163796005863 13.5830772916697
13.3829968184192 18.9134554627716
16.4508203902623 16.6924062306217
11.7268117031691 11.5784382923459
12.7638922286667 19.3500659000831
13.255246766788 11.6950839549199
18.8104811840016 11.7738310217406
18.2354113419751 13.105358495063
12.360718054233 14.2930109255093
18.9983123076691 12.9790747830924
17.6949001782933 12.2702724300879
18.6544223028519 17.2494900838561
18.6640146249559 11.8530077496625
12.8690959630786 16.3454596060444
14.0797815850354 17.6061111860983
14.2008441262324 11.4691000310632
18.6175061571793 12.0537896909101
16.6835037167616 18.7046163300021
18.1858944790602 18.5874403495199
15.6177929914786 15.6790345863293
15.8537454899231 12.782078216476
15.8807538282533 14.1082580258454
16.2237774806287 14.7750938845486
15.423593178482 18.407305998692
16.5882857063535 13.9592461982459
17.2507700427838 18.9954680511223
12.7701732104337 14.1689141853059
15.7548027729924 11.9750674888251
13.4369318859005 13.3485399926115
13.8359021847666 17.8504977824718
10.318122084456 15.3990219904379
13.3720363441321 12.6709905873537
17.4946083609495 11.2837843377391
18.5226529017064 17.764365821021
13.265919447143 16.6245740216882
17.5602133786337 19.2799305806081
13.2894528963834 11.8738759419418
