54 2
20.3606326766046 20.1588253375456
22.1959031256421 26.4562151378216
15.0431340232583 12.8240900871291
16.7530142222389 10.6249305034845
15.6200885236895 22.7362751163419
16.9947404750827 20.0005747960796
14.9983167938589 17.3892927623526
15.4842220076608 19.672184444227
12.3621502485604 15.3336158303726
14.99512481775 12.0937514065454
26.4561113125463 25.3949522761984
23.1815828508716 26.7903978855299
19.0350516547588 28.721567439004
14.2329978692578 14.7381810609683
16.6788110631669 25.9289475206709
16.0827500299777 11.1119907897645
21.4655911373243 15.4052724357247
15.029134649509 27.3656547945733
18.0753559048207 27.3790991159676
17.6089244611439 24.8671754515913
27.2648890628483 13.1992825589601
23.7817383768305 11.6084167141432
16.190458001233 15.7564265439039
27.7857820427518 20.1192094508801
18.5813882795004 17.1129891109621
21.0844608588317 17.2304629107465
16.1030806950586 29.0073170097304
20.6979332247376 19.4282538650143
18.4612230708277 26.9283986143581
13.4650930366865 20.2833040538027
18.5913301233128 21.5651409455497
24.4553331942928 18.0866622265246
14.3104181833275 23.7947036687028
14.8666884819101 19.3782363508443
25.6765712965305 13.1830682305004
10.3774819620322 19.3635062800645
14.8813884470639 18.2331369696411
23.8352630765455 12.7694774460076
19.8365850854302 14.8685501522275
26.0538989008102 26.9897182104083
13.6384378691116 14.9352530946991
21.543087344945 12.9969236214621
23.2813967658194 23.6759648112325
27.3772960648007 15.7987033570723
27.1575612228711 14.7208383335856
17.344035613007 28.7763157474824
22.9236236274997 11.1836614501458
16.2379741475986 16.3012533757313
26.8288963468237 15.7714839920193
25.1606440254605 17.1129117260077
25.1667641761035 23.1502419928686
20.2052772812515 24.6376186389203
12.3715122616896 15.9331607265909
13.9271637730866 23.8390867901745
