60 2
8.1803163383023 8.07941266877281
9.09795156282106 11.2281075689108
5.52156701162913 4.41204504356454
6.37650711111943 3.31246525174225
5.81004426184476 9.36813755817094
6.49737023754134 8.00028739803978
5.49915839692947 6.69464638117632
5.74211100383041 7.83609222211348
4.18107512428018 5.66680791518631
5.49756240887501 4.04687570327271
11.2280556562732 10.6974761380992
9.5907914254358 11.395198942765
7.51752582737938 12.360783719502
5.11649893462892 5.36909053048415
6.33940553158345 10.9644737603354
6.04137501498883 3.55599539488226
8.73279556866213 5.70263621786237
5.51456732475448 11.6828273972867
7.03767795241036 11.6895495579838
6.80446223057196 10.4335877257957
11.6324445314242 4.59964127948004
9.89086918841523 3.80420835707162
6.09522900061648 5.87821327195195
11.8928910213759 8.05960472544006
7.29069413975021 6.55649455548106
8.54223042941583 6.61523145537325
6.05154034752928 12.5036585048652
8.34896661236881 7.71412693250714
7.23061153541383 11.464199307179
4.73254651834324 8.14165202690133
7.29566506165641 8.78257047277484
10.2276665971464 7.04333111326232
5.15520909166377 9.8973518343514
5.43334424095504 7.68911817542216
10.8382856482652 4.59153411525022
3.18874098101611 7.68175314003225
5.44069422353197 7.11656848482054
9.91763153827277 4.38473872300382
7.91829254271508 5.43427507611377
11.0269494504051 11.4948591052042
4.81921893455578 5.46762654734956
8.7715436724725 4.49846181073107
9.64069838290972 9.83798240561625
11.6886480324003 5.89935167853614
11.5787806114356 5.36041916679281
6.6720178065035 12.3881578737412
9.46181181374987 3.59183072507291
6.1189870737993 6.15062668786567
11.4144481734118 5.88574199600964
10.5803220127302 6.55645586300383
10.5833820880518 9.57512099643431
8.10263864062576 10.3188093194602
4.1857561308448 5.96658036329544
4.96358188654332 9.91954339508724
9.69796050528059 11.6392543686077
8.21813771621367 4.04627498366846
7.15591582361892 11.1671186042612
3.78863854052805 9.74979007237172
3.60441365049892 9.41018097768577
5.91119804443057 11.5990101595743
