+0.00143 -0.03643
+0.00080 -0.01962
+0.00160 -0.04153
+0.00147 -0.03735
+0.00160 -0.04106
+0.00093 -0.02279
+0.00084 -0.02040
+0.00087 -0.02136
+0.00080 -0.01947
+0.00151 -0.03879
+0.00187 -0.04913
+0.00080 -0.01947
+0.40921 +0.51670
+0.00080 -0.01948
-0.51684 +0.38803
+0.00089 -0.02183
+0.00093 -0.02279
+0.00112 -0.02779
+0.00080 -0.01947
+0.00113 -0.02863
+0.00230 -0.06161
+0.00105 -0.02625
+0.00084 -0.02040
-0.43789 +0.32738
+0.00081 -0.01970
+0.00127 -0.03192
+0.00115 -0.02877
+0.00139 -0.03572
+0.00214 -0.05746
+0.00107 -0.02680
+0.00081 -0.01963
+0.00080 -0.01948
+0.00077 -0.01945
+0.11834 +0.13582
+0.00080 -0.01947
+0.00082 -0.02013
-0.39938 +0.29720
+0.00080 -0.01950
+0.06145 -0.03353
+0.00080 -0.01948
+0.00082 -0.01947
+0.00083 -0.02025
+0.00080 -0.01954
+0.27127 +0.34014
+0.00080 -0.01947
+0.00115 -0.02877
+0.00080 -0.01948
+0.00082 -0.02013
+0.00199 -0.05241
+0.05241 -0.04519
+0.00112 -0.02779
+0.00084 -0.02050
+0.00089 -0.02183
+0.00080 -0.01947
+0.00080 -0.01948
+0.00080 -0.01947
+0.34635 +0.43235
+0.00130 -0.03272
+0.00081 -0.01986
+0.00188 -0.04943
+0.00080 -0.01947
+0.00080 -0.01947
+0.00080 -0.01947
+0.00080 -0.01947
+0.00080 -0.01947
+0.00080 -0.01947
+0.00081 -0.01965
+0.00080 -0.01947
+0.00080 -0.01947
+0.00080 -0.01947
+0.00080 -0.01947
+0.00080 -0.01947
+0.00080 -0.01947
+0.00080 -0.01947
+0.00080 -0.01947
+0.00080 -0.01947
+0.00080 -0.01947
+0.00080 -0.01947
+0.00080 -0.01947
+0.00080 -0.01947
+0.00080 -0.01947
+0.00080 -0.01947
+0.00081 -0.01965
+0.00080 -0.01947
+0.00080 -0.01947
+0.00080 -0.01947
+0.00080 -0.01948
+0.00080 -0.01947
+0.00080 -0.01947
+0.00080 -0.01947
+0.00080 -0.01947
+0.00080 -0.01947
+0.00083 -0.02036
+0.00083 -0.02036
+0.00080 -0.01947
+0.00080 -0.01947
+0.00080 -0.01947
+0.00080 -0.01947
+0.00080 -0.01947
+0.00080 -0.01947
+0.00080 -0.01947
+0.00080 -0.01947
+0.00080 -0.01947
+0.00080 -0.01947
+0.00080 -0.01947
+0.00080 -0.01948
+0.00080 -0.01947
+0.00080 -0.01947
+0.00080 -0.01947
+0.00080 -0.01947
